                    class    f1  precision  recall  specificity  accuracy
                        AF 0.185      0.133   0.304        0.633     0.582
                      LBBB 0.162      0.111   0.305        0.564     0.525
                      RBBB 0.251      0.173   0.453        0.453     0.453
                        SB 0.091      0.061   0.179        0.572     0.520
                        ST 0.247      0.164   0.497        0.460     0.466
                normal_ecg 0.382      0.286   0.574        0.568     0.570

        class  prevalence     f1  precision  recall  specificity  accuracy
0          AF       0.157  0.280      0.167   0.866        0.198     0.303
1        LBBB       0.151  0.161      0.127   0.221        0.729     0.652
2        RBBB       0.202  0.178      0.118   0.362        0.312     0.322
3          SB       0.134  0.316      0.197   0.791        0.501     0.540
4          ST       0.176  0.261      0.188   0.425        0.610     0.577
5  normal_ecg       0.231  0.253      0.207   0.326        0.624     0.555

        class  prevalence     f1  precision  recall  specificity  accuracy
0          AF       0.157  0.247      0.169   0.462        0.577     0.559
1        LBBB       0.151  0.276      0.177   0.626        0.482     0.504
2        RBBB       0.202  0.222      0.168   0.326        0.593     0.539
3          SB       0.134  0.257      0.171   0.524        0.604     0.594
4          ST       0.176  0.242      0.155   0.550        0.360     0.393
5  normal_ecg       0.231  0.385      0.249   0.852        0.226     0.371

        class  prevalence     f1  precision  recall  specificity  accuracy
0          AF       0.157  0.266      0.167   0.651        0.398     0.437
1        LBBB       0.151  0.332      0.209   0.817        0.449     0.505
2        RBBB       0.202  0.218      0.163   0.329        0.573     0.524
3          SB       0.134  0.313      0.205   0.665        0.601     0.609
4          ST       0.176  0.303      0.188   0.788        0.274     0.364
5  normal_ecg       0.231  0.226      0.150   0.463        0.208     0.267

        class  prevalence     f1  precision  recall  specificity  accuracy
0          AF       0.157  0.311      0.197   0.746        0.434     0.483
1        LBBB       0.151  0.254      0.176   0.452        0.624     0.598
2        RBBB       0.202  0.328      0.243   0.504        0.603     0.583
3          SB       0.134  0.205      0.127   0.532        0.433     0.446
4          ST       0.176  0.235      0.153   0.503        0.408     0.425
5  normal_ecg       0.231  0.261      0.306   0.228        0.845     0.702