            class    f1  precision  recall  specificity  accuracy
            AF 0.932      0.958   0.907        0.993     0.979
          LBBB 0.956      0.955   0.957        0.992     0.987
          RBBB 0.970      0.971   0.969        0.993     0.988
            SB 0.930      0.909   0.952        0.985     0.981
            ST 0.945      0.937   0.952        0.986     0.980
    normal_ecg 0.961      0.956   0.965        0.987     0.982

           class  prevalence     f1  precision  recall  specificity  accuracy
0          AF       0.157  0.935      0.967   0.904        0.994     0.980
1        LBBB       0.151  0.957      0.953   0.962        0.992     0.987
2        RBBB       0.202  0.969      0.963   0.975        0.990     0.987
3          SB       0.134  0.929      0.914   0.945        0.986     0.981
4          ST       0.176  0.946      0.948   0.943        0.989     0.981
5  normal_ecg       0.231  0.965      0.967   0.963        0.990     0.984

           class  prevalence     f1  precision  recall  specificity  accuracy
0          AF       0.157  0.930      0.964   0.898        0.994     0.979
1        LBBB       0.151  0.957      0.966   0.949        0.994     0.987
2        RBBB       0.202  0.965      0.950   0.980        0.987     0.985
3          SB       0.134  0.924      0.891   0.959        0.982     0.979
4          ST       0.176  0.941      0.959   0.924        0.992     0.980
5  normal_ecg       0.231  0.960      0.967   0.953        0.990     0.982

          class  prevalence     f1  precision  recall  specificity  accuracy
0          AF       0.157  0.933      0.944   0.921        0.990     0.979
1        LBBB       0.151  0.958      0.971   0.945        0.995     0.987
2        RBBB       0.202  0.966      0.953   0.980        0.988     0.986
3          SB       0.134  0.928      0.906   0.951        0.985     0.980
4          ST       0.176  0.944      0.939   0.950        0.987     0.980
5  normal_ecg       0.231  0.954      0.940   0.968        0.982     0.978
        
        class  prevalence     f1  precision  recall  specificity  accuracy
0          AF       0.157  0.933      0.948   0.919        0.991     0.979
1        LBBB       0.151  0.956      0.965   0.948        0.994     0.987
2        RBBB       0.202  0.971      0.973   0.968        0.993     0.988
3          SB       0.134  0.914      0.939   0.891        0.991     0.978
4          ST       0.176  0.943      0.931   0.956        0.985     0.980
5  normal_ecg       0.231  0.952      0.933   0.973        0.979     0.977